tree
version=v4
num_class=1
num_tree_per_iteration=1
label_index=0
max_feature_idx=6
objective=binary sigmoid:1
feature_names=device_unique_card_count addr_unique_card_count email_unique_card_count device_connected_fraud_rate addr_connected_fraud_rate rapid_card_convergence cross_entity_convergence
feature_infos=[0:4348] [0:1778] [0:7849] [0:0.97352941176470598] [0:0.80500000000000005] [0:1211] [0:1]
tree_sizes=3299 3334 3349 3342 3320 3335 3370 3335 3349 3361

Tree=0
num_leaves=31
num_cat=0
split_feature=6 1 4 3 3 1 3 3 3 3 3 4 2 3 2 5 2 3 4 3 3 1 1 5 5 2 2 5 4 1
split_gain=326681 176.311 88.2435 69.1436 44.2112 930.498 646.318 128.491 100.76 63.7314 33.1445 20.2095 15.3362 21.9878 15.0729 15.7897 14.4164 14.1802 11.7737 12.2383 11.4171 12.65 10.8572 33.1484 9.51804 7.82945 6.39631 11.2025 6.28797 5.84701
threshold=1.0000000180025095e-35 19.500000000000004 0.03417194535873911 0.04058922340104499 0.00076629477392836187 9.5000000000000018 0.033331197676405272 0.052164131334523293 0.33756188118811886 0.023452513912375361 0.0083349340504546062 0.0037043830330697543 909.50000000000011 0.030909403647318728 277.50000000000006 40.500000000000007 146.50000000000003 0.012415620801787073 0.0055844313640781955 0.0042571260773015167 0.016418212795034252 219.50000000000003 29.500000000000004 42.500000000000007 28.500000000000004 1647.5000000000002 2677.5000000000005 172.50000000000003 0.022085010891398978 9.5000000000000018
decision_type=2 2 2 2 2 2 2 2 2 2 2 2 2 2 2 2 2 2 2 2 2 2 2 2 2 2 2 2 2 2
left_child=4 2 3 10 -1 18 9 24 -9 14 -2 -12 16 -14 15 -7 -13 -17 -6 -20 -16 -22 23 -3 25 -8 27 -11 -10 -5
right_child=1 22 -4 29 5 6 7 8 28 26 11 12 13 -15 20 17 -18 -19 19 -21 21 -23 -24 -25 -26 -27 -28 -29 -30 -31
leaf_value=-1.8165337203416527 -1.7002647916264726 -1.5950690942175001 -1.4204045400290177 -1.4854628724746992 -1.8165337203416527 -1.6262754733531763 -1.6836549446671611 -1.4502192576714328 -1.7745720017076028 -1.6131478392072269 -1.4497882994800566 -1.6371473731810893 -1.5295155648847509 -1.6960157610089743 -1.4677269341961126 -1.4178973933181784 -1.4920622913690571 -1.564763408537353 -1.6770110058834367 -1.7936235866046715 -1.6172155568299156 -1.5011945362783072 -1.4184895472027037 -1.4305024945679323 -1.8147134631406323 -1.8005882672607139 -1.5942173071939458 -1.716874638585784 -1.6938763889498145 -1.4178973933181782
leaf_weight=32439.717433333397 6.020524978637698 3.3865453004837027 19.942988991737366 7.4002286195754987 2776.5908635854721 5.5188145637512189 2.6339796781539908 4.6408213376998892 4.766248941421507 6.1459525823593157 3.135690093040469 2.5085520744323757 3.1356900930404645 5.3933869600296021 15.05131244659424 2.508552074432373 5.3933869600296021 4.7662489414215088 2.5085520744323757 21.824403047561646 3.2611176967620841 8.4036494493484479 5995.0631750822067 31.733183741569519 54.93729043006897 3.1356900930404663 6.522235393524169 4.5153937339782715 4.8916765451431274 5.6442421674728394
leaf_count=258633 48 27 159 59 22137 44 21 37 38 49 25 20 25 43 120 20 43 38 20 174 26 67 47797 253 438 25 52 36 39 45
internal_value=-1.75777 -1.41949 -1.50582 -1.54991 -1.816 -1.81012 -1.68024 -1.77654 -1.64169 -1.55283 -1.59767 -1.56611 -1.58831 -1.6348 -1.51787 -1.5625 -1.53812 -1.51412 -1.81623 -1.7816 -1.4965 -1.53363 -1.41865 -1.44637 -1.8083 -1.74721 -1.63322 -1.65708 -1.7337 -1.45623
internal_weight=41461.1 6088.76 58.5747 38.6317 35372.3 2932.62 131.699 75.0057 14.2987 56.6933 25.5872 19.5667 16.431 8.52908 39.5097 12.7936 7.90194 7.2748 2800.92 24.333 26.7161 11.6648 6030.18 35.1197 60.707 5.76967 17.1836 10.6613 9.65793 13.0445
internal_count=330558 48544 467 308 282014 23381 1050 598 114 452 204 156 131 68 315 102 63 58 22331 194 213 93 48077 280 484 46 137 85 77 104
is_linear=0
shrinkage=1


Tree=1
num_leaves=31
num_cat=0
split_feature=0 1 0 1 1 4 4 1 2 1 4 3 3 1 2 2 5 0 4 5 0 3 1 4 5 0 0 5 5 5
split_gain=185526 46478.3 3346.02 10096.6 381.687 55.6988 84.9621 53.8595 57.1326 32.8848 35.9485 34.9168 30.8136 21.1897 25.8733 15.9698 13.2186 11.8735 11.6342 9.83161 8.79158 13.0887 6.95155 13.5566 3.72591 2.73807 1.29518 4.17806 13.9536 1.58495
threshold=43.500000000000007 1.0000000180025095e-35 2.5000000000000004 9.5000000000000018 9.5000000000000018 0.059761290626149599 0.032936936373426755 29.500000000000004 168.50000000000003 19.500000000000004 0.022422701460370242 0.037710031343846068 0.04058922340104499 1.0000000180025095e-35 168.50000000000003 1058.5000000000002 672.50000000000011 1806.5000000000002 0.0050865534074453506 217.50000000000003 683.50000000000011 0.015469196484013658 48.500000000000007 0.039880181518972511 23.500000000000004 1173.5000000000002 4.5000000000000009 92.500000000000014 105.50000000000001 183.50000000000003
decision_type=2 2 2 2 2 2 2 2 2 2 2 2 2 2 2 2 2 2 2 2 2 2 2 2 2 2 2 2 2 2
left_child=2 -2 -1 13 5 6 12 8 24 10 11 18 16 -4 -15 -14 20 -18 19 -6 21 -3 23 -9 -5 -22 27 -24 -29 -30
right_child=1 4 3 7 9 -7 -8 22 -10 -11 -12 -13 15 14 -16 -17 17 -19 -20 -21 25 -23 26 -25 -26 -27 -28 28 29 -31
leaf_value=-0.058131602886543801 -0.058129416481417222 0.030445226934476079 -0.058129416481417222 -0.0048611815644656999 0.20487387197414628 0.24854442848765773 -0.058707963371088467 0.1406878541606163 0.25766030354351532 0.25648863868271227 0.2580811363570234 0.2533592309706964 0.25105187697593195 -0.039536208989822873 0.15418080133870024 0.12333920626709174 0.22292351106503588 0.078705332888106466 0.042557241051778411 0.099399274594087483 -0.014014778612270452 0.17110633212723222 0.27291780960298945 0.26101039349242638 0.073761326350029813 0.050871455232688101 0.25626907467567078 0.13325047005633636 0.26214513078780016 0.24126501604171191
leaf_weight=31441.656236574054 1410.4261515662074 3.3697556555271202 1041.850822918117 2.7320726066827756 3.9501868188381213 5.9557296633720389 8.1535442322492582 3.9549058675765973 5.8096644431352615 7228.3869227916002 20.149366334080696 6.9778281375765792 5.6070001721382123 5.1967502534389487 2.5791392400860786 4.3443265482783318 2.823894888162612 2.885492280125618 3.9141011387109748 5.0134172290563583 3.33347287774086 3.2477649599313736 13.022592350840567 5.736559122800827 3.3602027297019958 3.1738325208425522 278.81138402223587 2.8284561932086936 13.44193424284458 28.061600312590599
leaf_count=261340 11725 27 8661 20 27 38 65 26 40 46070 129 45 38 41 20 30 20 21 29 36 26 24 88 38 24 24 1783 19 89 184
internal_value=-0.000327972 0.204665 -0.0547554 0.0206702 0.255361 0.10665 0.0837719 0.250059 0.14548 0.256238 0.211031 0.163284 0.12413 -0.0575157 0.0247167 0.195298 0.0865267 0.150036 0.114476 0.145881 0.0588995 0.0994793 0.253658 0.211909 0.0385032 0.0176324 0.254861 0.248019 0.240705 0.248028
internal_weight=41570.8 8721.71 32849 1407.39 7311.29 42.8948 36.9391 357.759 11.9019 7268.39 40.0049 19.8555 28.7855 1049.63 7.77589 9.95133 18.8342 5.70939 12.8777 8.9636 13.1248 6.61752 345.857 9.69146 6.09228 6.50731 336.166 57.3546 44.332 41.5035
internal_count=330747 58374 272373 11033 46649 313 275 2311 84 46336 266 137 210 8722 61 68 142 41 92 63 101 51 2227 64 44 50 2163 380 292 273
is_linear=0
shrinkage=0.05


Tree=2
num_leaves=31
num_cat=0
split_feature=6 0 1 0 1 4 3 3 1 4 3 0 3 4 0 4 3 5 4 3 4 5 4 0 1 5 4 5 1 0
split_gain=196284 238.477 51.0775 48.4143 1623.88 29.1636 24.2907 24.5376 22.1962 20.8973 18.693 15.4727 14.9304 9.49228 8.90623 7.20786 5.21512 5.12045 4.96407 3.60982 3.42046 15.0455 16.0334 2.88218 4.55529 3.60744 2.7271 2.41098 2.29576 3.97485
threshold=1.0000000180025095e-35 2.5000000000000004 19.500000000000004 2.5000000000000004 9.5000000000000018 0.03417194535873911 0.033696357019887595 0.032381771870439481 19.500000000000004 0.0055844313640781955 0.0083349340504546062 190.50000000000003 0.0053514796053491754 0.0045549345440885581 39.500000000000007 0.01991432393743919 0.025334335936989295 598.50000000000011 0.0081883174927486011 0.0055180454228978999 0.0037043830330697543 56.500000000000007 0.0016884123528691116 4.5000000000000009 164.50000000000003 105.50000000000001 0.023877128544374685 154.50000000000003 29.500000000000004 1478.5000000000002
decision_type=2 2 2 2 2 2 2 2 2 2 2 2 2 2 2 2 2 2 2 2 2 2 2 2 2 2 2 2 2 2
left_child=3 -2 5 -1 9 6 7 10 19 -5 12 14 -3 -12 -11 17 23 -8 -15 -6 21 22 -4 24 -10 -26 27 -27 29 -23
right_child=1 2 20 4 8 -7 15 -9 16 11 13 -13 -14 18 -16 -17 -18 -19 -20 -21 -22 28 -24 -25 25 26 -28 -29 -30 -31
leaf_value=-0.057671375175255793 -0.061369044602247985 0.13643771526449 0.19192045661870349 -0.057670418481195251 0.13918560456505488 0.20856259614489076 0.19750812254529809 -0.016780881015114664 0.14419080994192399 -0.0036579049623230416 0.22142530902284846 -0.049526464777579916 -0.014075657425314312 0.08931607097461057 0.088979102237740595 0.10995881084864978 0.23605036794755285 0.13422517188282648 0.17331020438893596 0.065158982735457199 0.20978760786232292 0.20280550124184893 0.079968447067762405 0.20739689530766539 0.22851698997822939 0.15730231315001408 0.14654964613773103 0.20631909985334579 0.20862841924756667 0.14244662260907209
leaf_weight=30088.69926571846 8.1467655152082425 3.3092541694641175 9.3292590230703336 2364.0530864596367 3.4693533927202216 28.997579112648964 19.474108427762992 3.4287565499544135 5.7829585075378445 6.3430019095540064 4.732686832547186 11.336646184325216 3.2813902944326401 3.6435496807098389 4.3904551938176155 3.4783369600772849 8.8418437242507917 3.8242137581109992 3.401034414768219 3.1349093019962311 8517.8201671391726 11.183110177516935 4.8664511591196051 23.739688038825989 5.6521137207746532 3.3913526237010982 4.0417003482580176 9.638521730899809 168.62849290668964 3.6074548959732047
leaf_count=260909 54 24 52 20501 22 160 113 24 35 50 28 93 24 24 34 22 53 25 22 20 46930 62 29 138 34 20 24 58 929 20
internal_value=-0.00046375 0.209027 0.209277 -0.0571206 -0.0503674 0.168884 0.145196 0.106006 0.191124 -0.0572183 0.128927 -0.0087905 0.0614992 0.16666 0.0342347 0.177097 0.200538 0.187121 0.129867 0.104047 0.209637 0.203134 0.153542 0.194528 0.183811 0.193894 0.182431 0.193561 0.206972 0.188084
internal_weight=41343.7 8801.15 8793.01 32542.5 2453.82 77.5709 48.5733 21.7967 67.6924 2386.12 18.3679 22.0701 6.59064 11.7773 10.7335 26.7767 61.0882 23.2983 7.04458 6.60426 8715.43 197.615 14.1957 52.2463 28.5066 22.7237 17.0716 13.0299 183.419 14.7906
internal_count=330533 48542 48488 281991 21082 466 306 146 404 20678 122 177 48 74 84 160 362 138 46 42 48022 1092 81 309 171 136 102 78 1011 82
is_linear=0
shrinkage=0.05


Tree=3
num_leaves=31
num_cat=0
split_feature=6 0 0 4 0 2 5 4 0 2 3 0 4 5 2 4 3 5 5 2 4 5 2 2 2 2 5 2 5 3
split_gain=164620 193.579 47.1366 1187.76 141.857 52.2777 24.0608 12.5204 8.23624 7.59878 12.7157 5.39423 4.45645 9.64734 20.6012 6.78774 3.41245 2.66189 2.15468 2.92643 2.3548 3.80995 1.37248 1.85941 1.05168 1.22775 1.02882 0.891458 1.31734 3.15547
threshold=1.0000000180025095e-35 2.5000000000000004 2.5000000000000004 1.0000000180025095e-35 390.50000000000006 146.50000000000003 113.50000000000001 0.0045549345440885581 102.50000000000001 28.500000000000004 0.008083172054315628 17.500000000000004 0.0062517605633802828 47.500000000000007 277.50000000000006 0.0027044441348565065 0.030534183019299187 448.50000000000006 94.500000000000014 321.50000000000006 0.023877128544374685 117.50000000000001 2581.5000000000005 4511.5000000000009 2196.5000000000005 3491.5000000000005 34.500000000000007 3491.5000000000005 75.500000000000014 0.016684668761455881
decision_type=2 2 2 2 2 2 2 2 2 2 2 2 2 2 2 2 2 2 2 2 2 2 2 2 2 2 2 2 2 2
left_child=2 -2 -1 -4 5 6 7 -5 16 11 -11 -9 13 14 15 -3 18 -6 19 -7 21 -20 26 -24 -23 -26 -21 28 29 -15
right_child=1 12 3 4 17 8 -8 9 -10 10 -12 -13 -14 27 -16 -17 -18 -19 20 22 -22 24 23 -25 25 -27 -28 -29 -30 -31
leaf_value=-0.057241424058213079 -0.060695412900034384 0.12070465968259576 -0.057240492199363092 0.12545314601375235 -0.0071700782884819214 0.13687759365981431 0.17490779923980426 0.039052169571983826 0.093115827480429431 0.00041219342674249262 0.14003001706935489 -0.047246077724193675 0.17943595604955287 0.17685526317375716 0.18755405692111796 0.030517657008239215 0.19910248533099864 -0.057917369721612245 0.12251021307727342 0.17549188394234122 0.12358104077383184 0.18912010711930519 0.14399180008540416 0.19277125324089484 0.14450028283397803 0.17976462885870581 0.20688710261232068 0.1816822481529447 0.17549538486467875 0.12930543667432973
leaf_weight=28833.950651854277 8.415695518255232 4.8071986883878726 2270.2824609652162 4.4740706682205262 3.8208601027727109 3.7089813053607967 5.1758401095867148 3.4672635942697507 3.5231855288147917 3.3523538112640381 3.1756124496459961 3.7902267873287201 9298.6275698840618 10.185082793235777 9.9620735645294172 3.6860140562057495 9.5919016599655134 7.9830670654773712 4.4900259971618715 3.9510700851678866 4.4691447019577017 7.0214971750974682 3.7889686226844779 4.0331684947013855 4.4964963644742948 5.4716333895921707 7.6849909424781799 54.838876500725746 319.99265180528164 5.3070355057716361
leaf_count=260939 58 26 20547 26 30 21 28 24 23 26 19 27 46309 52 51 22 52 68 24 23 24 37 20 21 24 29 42 275 1608 27
internal_value=-0.000720651 0.179004 -0.0566845 -0.0499027 0.121008 0.143399 0.0797502 0.0527768 0.167368 0.0291897 0.0683311 -0.00601712 0.179211 0.174102 0.138777 0.0815639 0.171824 -0.0414908 0.166497 0.177581 0.156602 0.163472 0.185339 0.169143 0.174298 0.163857 0.196227 0.175772 0.174806 0.160566
internal_weight=40917.5 9715.82 31201.7 2367.75 97.4704 85.6664 23.4354 18.2595 62.2311 13.7855 6.52797 7.25749 9707.41 408.779 18.4553 8.49321 58.7079 11.8039 49.116 23.1672 25.9488 21.4797 19.4582 7.82214 16.9896 9.96813 11.6361 390.324 335.485 15.4921
internal_count=330502 48428 282074 21135 588 490 150 122 340 96 45 51 48370 2061 99 48 317 98 265 127 138 114 106 41 90 53 65 1962 1687 79
is_linear=0
shrinkage=0.05


Tree=4
num_leaves=31
num_cat=0
split_feature=6 0 0 1 1 3 1 0 2 1 3 3 0 2 0 0 5 2 3 1 3 0 2 2 2 5 2 5 0 1
split_gain=141490 140.289 48.7016 1272.96 34.7624 21.4051 14.0079 12.0672 26.7585 9.96502 8.81753 6.84944 6.60112 6.58505 14.0295 3.26523 8.91677 4.86257 2.71723 2.55604 10.7126 3.73076 2.49918 2.42229 4.23963 5.83125 2.3718 1.9786 1.59964 1.58661
threshold=1.0000000180025095e-35 2.5000000000000004 2.5000000000000004 9.5000000000000018 19.500000000000004 0.0083349340504546062 1.0000000180025095e-35 230.50000000000003 367.50000000000006 19.500000000000004 0.04058922340104499 0.0040025839793281668 782.50000000000011 3528.5000000000005 1656.5000000000002 663.50000000000011 548.50000000000011 146.50000000000003 0.029727346801097711 29.500000000000004 0.004888698303792645 1794.5000000000002 1022.5000000000001 85.500000000000014 647.50000000000011 110.50000000000001 68.500000000000014 94.500000000000014 5.5000000000000009 368.50000000000006
decision_type=2 2 2 2 2 2 2 2 2 2 2 2 2 2 2 2 2 2 2 2 2 2 2 2 2 2 2 2 2 2
left_child=2 -2 -1 6 5 12 -4 8 26 11 13 -5 -3 14 15 17 -17 -7 23 20 -6 -22 -18 -11 25 -25 -8 -26 29 -29
right_child=1 4 3 9 19 10 7 -9 -10 18 -12 -13 -14 -15 -16 16 22 -19 -20 -21 21 -23 -24 24 27 -27 -28 28 -30 -31
leaf_value=-0.05683857821314639 -0.060062011769057677 0.018969972851984377 -0.056837681361238838 0.137741256622775 0.084118952443574091 0.099069245297965375 -0.058616920200032244 -0.05340722038335613 0.13078675839960247 0.16844749863387287 0.15181547683278596 0.04644455516107019 0.10728912525302503 0.17604662626677903 0.041773345707834711 0.044316933559362129 0.157483462076831 0.15736461486829689 0.17330930852598703 0.1582299674840647 0.15984553635437637 0.12076614369499089 0.10725903542228324 0.084650722214811902 0.1624974453035849 0.15918600352415518 -0.0031542189590250884 0.10959495534724194 0.16646402958152118 0.14244386799127876
leaf_weight=27649.514849752188 7.3878022581338874 5.4292438477277738 2175.5345739647746 4.1610566526651365 5.9325401335954657 5.0852343142032685 4.2546081542968768 11.692032679915426 3.6382707208395004 10.547589689493178 40.017478495836258 4.0578369051218033 3.4664956480264664 4.4984566867351523 5.9682669192552558 3.9865065664052954 5.0533691793680173 12.062140077352522 11.272600203752516 10251.622037857771 47.79174080491066 7.0019552409648886 4.8580619394779205 6.550725191831587 17.148652151226997 4.3776956349611282 3.5243320912122726 5.0263301134109559 4.6228581070899954 13.68220694363117
leaf_count=261244 53 33 20557 23 32 27 34 102 24 54 190 24 20 23 33 21 25 59 55 47445 224 33 26 34 83 22 26 25 22 68
internal_value=-0.00103323 0.157744 -0.0562594 -0.0492358 0.157899 0.127032 -0.0564264 -0.0177033 0.01886 0.14487 0.135068 0.0926662 0.0533862 0.118924 0.111981 0.125478 0.107467 0.140077 0.150729 0.158169 0.147942 0.154852 0.132866 0.146621 0.142143 0.114508 -0.033489 0.149604 0.140126 0.133619
internal_weight=40339.8 10410.2 29929.6 2280.09 10402.8 90.4253 2198.64 23.1092 11.4172 81.4476 81.5295 8.21889 8.89574 41.512 37.0136 31.0453 13.8979 17.1474 73.2287 10312.3 60.7262 54.7937 9.91143 61.9561 51.4085 10.9284 7.77894 40.48 23.3314 18.7085
internal_count=330641 48244 282397 21153 48191 457 20743 186 84 410 404 47 53 214 191 158 72 86 363 47734 289 257 51 308 254 56 60 198 115 93
is_linear=0
shrinkage=0.05


Tree=5
num_leaves=31
num_cat=0
split_feature=6 0 0 1 1 4 1 3 2 0 2 0 2 1 4 2 0 2 2 1 1 0 0 0 4 0 3 2 2 2
split_gain=124541 110.569 44.3309 1067.91 29.7264 24.1824 19.5867 17.2992 19.3768 24.7424 12.8274 10.0073 28.8912 7.56811 10.727 7.04192 6.18862 4.60562 3.55648 2.43779 2.26855 10.5296 2.45846 2.23811 2.19132 2.1238 1.27864 1.2473 3.87306 2.69901
threshold=1.0000000180025095e-35 2.5000000000000004 2.5000000000000004 9.5000000000000018 19.500000000000004 0.03417194535873911 1.0000000180025095e-35 0.033696357019887595 3528.5000000000005 570.50000000000011 277.50000000000006 190.50000000000003 431.50000000000006 39.500000000000007 0.017712619394300518 1022.5000000000001 28.500000000000004 1847.5000000000002 68.500000000000014 9.5000000000000018 29.500000000000004 43.500000000000007 1878.5000000000002 4.5000000000000009 0.0099696781636820879 831.50000000000011 0.03032836794739497 843.50000000000011 68.500000000000014 2196.5000000000005
decision_type=2 2 2 2 2 2 2 2 2 2 2 2 2 2 2 2 2 2 2 2 2 2 2 2 2 2 2 2 2 2
left_child=2 -2 -1 6 5 7 -4 8 9 10 -3 12 18 14 16 25 -5 -17 -8 -19 21 -6 -23 27 -11 -9 -13 28 -15 -29
right_child=1 4 3 13 20 -7 11 15 -10 24 -12 26 -14 23 -16 17 -18 19 -20 -21 -22 22 -24 -25 -26 -27 -28 29 -30 -31
leaf_value=-0.05646079901229082 -0.059446900830637465 0.048765559172134793 -0.056459885590348861 0.024338137118003679 0.058188811761387994 0.14546320447358674 -0.058210390689581754 0.1164969021923344 0.1550780144411287 -0.02390958146027938 0.16632332222229135 -0.014618323652693502 0.14670348482710485 0.15212282613933253 0.14560120201051091 0.044907484597211243 0.10370888964945411 0.083905392834941625 0.0048611233117542858 0.13196536436268189 0.14237846167592288 0.14215285909744579 0.10827828535380085 0.14640538849407034 0.024465389676715639 0.14972319555215993 -0.057240803111711647 0.15842160517689485 0.092120666059357773 0.12333591632129866
leaf_weight=26494.546312496066 6.8106402382254592 5.1596986353397423 2077.8627161979675 4.8825028389692324 4.4009105563163748 38.791400238871574 4.3505191728472727 7.9074400216341045 4.6548703610897055 7.5842710137367231 4.2169818431138992 2.3135897293686849 3.3304477632045737 4.2329207658767682 6.9005558341741553 3.9416182190179816 4.9415060579776764 5.2095752805471403 4.5965725108981133 5.3464881628751755 10841.340607598424 49.890961080789566 6.0003737658262244 27.401521474123001 3.3862464874982834 12.275422945618628 7.3482059389352798 7.7689467668533352 7.3755865842103958 18.614769592881203
leaf_count=261459 51 28 20507 26 24 172 36 37 23 46 21 20 20 20 33 20 26 26 33 25 47595 221 27 125 20 56 67 36 36 87
internal_value=-0.00101941 0.141953 -0.0558966 -0.0490462 0.142078 0.11473 -0.0559637 0.0947538 0.0630498 0.0419963 0.101635 -0.00896794 0.0209885 0.127837 0.0978225 0.11761 0.0642619 0.0910263 -0.0258074 0.108247 0.142325 0.132653 0.138516 0.135514 -0.00897778 0.136705 -0.0470345 0.127658 0.114 0.133667
internal_weight=39683.4 11006.9 28676.5 2181.92 11000.1 98.474 2099.8 59.6826 25.0021 20.3472 9.37668 21.9393 12.2775 82.1183 16.7246 34.6805 9.82401 14.4977 8.94709 10.5561 10901.6 60.2922 55.8913 65.3937 10.9705 20.1829 9.6618 37.9922 11.6085 26.3837
internal_count=330923 48392 282531 21072 48341 474 20683 302 138 115 49 176 89 389 85 164 52 71 69 51 47867 272 248 304 66 93 87 179 56 123
is_linear=0
shrinkage=0.05


Tree=6
num_leaves=31
num_cat=0
split_feature=6 0 0 1 1 4 3 1 1 4 0 3 2 3 3 3 4 4 0 2 3 4 0 1 3 0 1 1 4 1
split_gain=110965 111.515 45.5427 986.477 19.7266 13.3048 12.4785 12.2553 10.3679 13.19 7.01798 6.96196 9.08661 5.91769 7.14803 15.2062 4.06559 3.22589 3.12585 4.5412 2.61378 2.27091 1.64411 1.48096 4.98098 3.15476 1.45596 2.13855 2.86924 1.03657
threshold=1.0000000180025095e-35 2.5000000000000004 2.5000000000000004 9.5000000000000018 19.500000000000004 0.03417194535873911 0.0083349340504546062 1.0000000180025095e-35 39.500000000000007 0.0081883174927486011 28.500000000000004 0.0095981327647536949 388.50000000000006 0.04058922340104499 0.030744771827399261 0.033550187044243188 0.0045549345440885581 0.0089320803238594534 230.50000000000003 195.50000000000003 0.0053514796053491754 0.01991432393743919 7.5000000000000009 29.500000000000004 0.004888698303792645 1794.5000000000002 324.50000000000006 158.50000000000003 0.011111955677173069 460.50000000000006
decision_type=2 2 2 2 2 2 2 2 2 2 2 2 2 2 2 2 2 2 2 2 2 2 2 2 2 2 2 2 2 2
left_child=2 -2 -1 7 5 6 20 -4 9 10 -5 12 -9 14 16 -16 -8 -17 19 -13 -3 -15 26 24 -6 -26 27 -10 -29 -28
right_child=1 4 3 8 23 -7 13 11 22 -11 -12 18 -14 21 15 17 -18 -19 -20 -21 -22 -23 -24 -25 25 -27 29 28 -30 -31
leaf_value=-0.056106039096185611 -0.058912695558237693 0.058379789384687755 -0.056105264540809358 -0.0022823788653203812 0.078896430114495417 0.13095210150912792 0.14645336980386206 -0.032418072821055098 0.12509922660056902 0.13237845854352645 0.079521190628644781 -0.058326668286203212 0.078260173031651503 0.1280394494907458 -0.024321991566211731 0.11344102025434402 0.090618517976627386 0.061721126474161281 -0.05682805301152713 0.030286257837906217 0.00014478718633389255 0.089119536501316807 0.13752456712379554 0.13012466497648409 0.13118631094043023 0.093950975764117178 0.14179711710601187 0.11985401727481876 0.075317268035479557 0.12041067940554623
leaf_weight=25312.937155157328 7.8264209255576125 4.8716306835412961 1992.9674967229366 4.6310507506132144 5.9498596787452689 38.080649003386497 5.6099572926759738 3.8672577589750317 11.904067456722261 6.9919210523366919 6.0431438088417053 2.6491480097174636 3.5630331709980965 19.366052910685543 3.7036128193140057 7.0224505960941297 7.7839938849210739 5.2830498963594437 9.1261408999562246 3.1830320060253143 3.1875612139701843 4.6473957151174536 13.402068808674811 11288.58120778203 50.374627813696861 6.4126186966896048 7.2917169332504264 6.8968386948108655 7.6029011309146881 25.40914648771286
leaf_count=261000 61 28 20551 25 29 162 25 32 53 32 31 22 25 84 22 34 39 26 87 19 20 22 58 47722 215 28 32 31 34 113
internal_value=-0.000909535 0.129759 -0.0555183 -0.0484527 0.129888 0.107728 0.0933419 -0.055692 0.113344 0.0789969 0.0440303 -0.0189052 0.0206553 0.102092 0.0870522 0.0645027 0.114005 0.0912364 -0.0385561 -0.00996434 0.0353468 0.120507 0.121713 0.130082 0.122421 0.126982 0.118128 0.109395 0.0965013 0.125179
internal_weight=38877.2 11458.7 27418.5 2105.53 11450.9 99.5564 61.4757 2015.36 90.1729 17.6661 10.6742 22.3886 7.43029 53.4165 29.4031 16.0091 13.394 12.3055 14.9583 5.83218 8.05919 24.0134 72.5067 11351.3 62.7371 56.7872 59.1047 26.4038 14.4997 32.7009
internal_count=330662 48517 282145 21145 48456 462 300 20736 409 88 56 185 57 252 146 82 64 60 128 41 48 106 321 47994 272 243 263 118 65 145
is_linear=0
shrinkage=0.05


Tree=7
num_leaves=31
num_cat=0
split_feature=6 0 0 1 1 1 3 1 2 2 0 2 0 2 1 0 3 3 0 0 1 0 2 3 1 5 1 1 5 2
split_gain=99421.4 91.0323 45.1058 907.333 22.6998 16.9123 11.72 10.2521 9.23001 16.8154 7.59769 23.594 6.99347 11.4922 5.60215 4.28241 4.14089 2.08309 1.91281 5.38925 1.37637 4.57011 16.3733 1.26883 1.2286 2.08833 2.17443 5.97983 1.3512 1.09881
threshold=1.0000000180025095e-35 2.5000000000000004 2.5000000000000004 9.5000000000000018 19.500000000000004 1.0000000180025095e-35 0.040863173973244363 19.500000000000004 3528.5000000000005 2639.5000000000005 190.50000000000003 344.50000000000006 43.500000000000007 909.50000000000011 9.5000000000000018 1322.5000000000002 0.0065606032715130888 0.025334335936989295 509.50000000000006 854.50000000000011 48.500000000000007 50.500000000000007 85.500000000000014 0.029516167419587718 39.500000000000007 44.500000000000007 164.50000000000003 96.500000000000014 183.50000000000003 277.50000000000006
decision_type=2 2 2 2 2 2 2 2 2 2 2 2 2 2 2 2 2 2 2 2 2 2 2 2 2 2 2 2 2 2
left_child=2 -2 -1 5 6 -4 8 16 9 12 11 -7 -3 18 -15 -16 -5 24 -14 -20 21 22 -6 -12 -9 -26 27 -27 -28 -24
right_child=1 4 3 7 20 10 -8 17 -10 -11 23 -13 13 14 15 -17 -18 -19 19 -21 -22 -23 29 -25 25 26 28 -29 -30 -31
leaf_value=-0.055772870179445426 -0.058414397871407543 0.023879008741794855 -0.055772160955379985 0.091090389536774855 0.012063649046818529 -0.044628057332281756 0.11692130219669437 0.088211459850984941 0.1396922471793903 -0.0083838938239367521 -0.013116593596189441 0.09329965199200993 0.12266239767624981 0.020334438112587085 0.10788214720643832 0.045932025851789203 0.021138478417105849 0.12866026755488943 0.050694331501833716 0.11816956710988286 0.12037510368598942 0.11870884940153775 0.098043609481768573 -0.056385948864490387 0.13187323876800655 0.12075548133812686 0.11911040030750009 0.043015225123804471 0.10071951976938541 0.12743109283887727
leaf_weight=24243.872577115893 7.146411105990409 4.2292676568031302 1907.9185142740607 3.996364697813986 4.7154806852340725 7.3690610304474848 43.528471708297729 7.0143215954303733 6.4544150084257117 5.2777159959077826 2.2269599512219411 5.3527296036481857 15.1302497535944 6.1020960360765466 6.1595325171947479 5.0988394320011139 4.4953726381063461 14.928041860461233 4.3240089714527121 9.3757145255804044 11402.791770935059 179.16281186044216 4.5271065235137931 7.0829725116491318 9.475601449608801 5.4352506548166257 23.832857444882393 4.5397190451622009 17.191971719264984 10.695933431386946
leaf_count=261273 58 22 20563 20 23 62 183 32 29 31 19 30 67 32 28 26 24 63 20 41 46960 740 20 71 41 23 102 20 74 45
internal_value=-0.00114712 0.119984 -0.0551746 -0.0479978 0.120093 -0.0552692 0.0970248 0.106369 0.0830901 0.0765308 -0.0117126 0.0134054 0.0854193 0.091054 0.0589147 0.0798254 0.0540591 0.111759 0.110407 0.0968725 0.120303 0.116182 0.093474 -0.0460358 0.10802 0.110318 0.106313 0.085375 0.111403 0.118692
internal_weight=37979.5 11714.7 26264.7 2020.86 11707.6 1929.95 105.68 90.9095 62.1518 55.6974 22.0317 12.7218 50.4197 46.1904 17.3605 11.2584 8.49174 82.4178 28.83 13.6997 11601.9 199.101 19.9385 9.30993 67.4897 60.4754 50.9998 9.97497 41.0248 15.223
internal_count=330742 48325 282417 21144 48267 20745 479 399 296 267 182 92 236 214 86 54 44 355 128 61 47788 828 88 90 292 260 219 43 176 65
is_linear=0
shrinkage=0.05


Tree=8
num_leaves=31
num_cat=0
split_feature=6 0 0 4 0 2 5 0 4 2 0 4 0 2 2 2 5 0 5 5 4 5 4 4 4 5 0 3 3 2
split_gain=89870.5 79.1139 49.7301 828.15 64.0725 16.5985 11.6521 9.51585 3.9695 4.33036 3.22762 2.17768 6.91075 14.8736 2.98651 1.88044 1.45485 1.23712 1.1232 4.57888 2.62518 1.06871 0.825996 1.46486 0.774769 0.990034 7.63192 0.607884 1.12442 1.34545
threshold=1.0000000180025095e-35 2.5000000000000004 2.5000000000000004 1.0000000180025095e-35 390.50000000000006 224.50000000000003 19.500000000000004 10.500000000000002 0.0045549345440885581 41.500000000000007 76.500000000000014 0.0062517605633802828 43.500000000000007 54.500000000000007 277.50000000000006 68.500000000000014 448.50000000000006 5.5000000000000009 94.500000000000014 120.50000000000001 0.014452858628247729 45.500000000000007 0.016119915372588719 0.023576404169915393 0.0027044441348565065 777.50000000000011 1934.5000000000002 0.005231020077817952 0.0083349340504546062 2317.5000000000005
decision_type=2 2 2 2 2 2 2 2 2 2 2 2 2 2 2 2 2 2 2 2 2 2 2 2 2 2 2 2 2 2
left_child=2 -2 -1 -4 5 6 -5 15 -9 -10 17 12 13 -3 -15 -8 -6 18 21 -20 -21 -7 -22 -24 -14 27 -27 -26 29 -29
right_child=1 11 3 4 16 10 7 8 9 -11 -12 -13 24 14 -16 -17 -18 -19 19 20 22 -23 23 -25 25 26 -28 28 -30 -31
leaf_value=-0.055459730344330375 -0.057923604942094614 0.012130641065639255 -0.055459042864138733 -0.010509479587909204 -0.015242839409794158 0.098891923726230416 0.11659934608016348 0.078607961093122264 -0.020914564442066769 0.053727944781402942 0.065131044819729492 0.11227346991669239 0.11250070470757648 0.07634694808768222 0.11659651375919658 0.078548609998753252 -0.056116989713945048 0.11674242285090941 0.050918665484110143 0.12756595851500882 0.075761153253280436 0.12282823962332151 0.11605254846572406 0.079370284186120896 0.11692022510696971 0.045925537613044867 0.11092632411274457 0.10768007851224173 0.11005567680663796 0.082240326890227408
leaf_weight=23142.291217967868 6.8431335091590872 5.6541413217783001 1814.5608995333314 4.7419823631644276 3.3108512088656408 8.3258447200059909 9.0033188462257403 4.9245139360427839 3.4247900769114494 4.49122154712677 4.8087103739380828 11403.19602099061 214.12259481847286 6.83254446089268 14.160065546631811 5.078391581773757 6.3569613397121429 23.88096596300602 4.606937542557719 8.5693207383155841 4.7438402026891699 10.600320488214491 6.4869044721126539 4.6887681931257248 25.282368898391724 5.3926710337400428 27.772394761443138 13.752526894211771 169.33498373627663 8.3548116534948331
leaf_count=260753 58 27 20447 36 27 36 38 23 24 27 26 46197 869 29 58 22 66 101 20 36 20 44 27 20 104 24 114 57 692 37
internal_value=-0.00111461 0.112035 -0.0548163 -0.0471109 0.0812159 0.0922182 0.0617614 0.074491 0.0433613 0.0214345 0.10479 0.112133 0.108872 0.0841096 0.103496 0.102877 -0.0421192 0.107442 0.102817 0.0966499 0.105253 0.112298 0.0932421 0.100662 0.110294 0.108402 0.100357 0.109633 0.108671 0.0980659
internal_weight=36975.6 11900.7 25074.9 1932.6 118.044 108.376 31.6642 26.9222 12.8405 7.91601 76.7116 11893.9 490.659 26.6468 20.9926 14.0817 9.66781 71.9029 48.0219 29.0958 24.4888 18.9262 15.9195 11.1757 464.012 249.89 33.1651 216.725 191.442 22.1073
internal_count=330059 48266 281793 21040 593 500 170 134 74 51 330 48208 2011 114 87 60 93 304 203 123 103 80 67 47 1897 1028 138 890 786 94
is_linear=0
shrinkage=0.05


Tree=9
num_leaves=31
num_cat=0
split_feature=0 1 0 1 1 4 4 1 2 2 2 1 1 4 3 3 4 0 0 2 4 0 3 1 2 4 4 0 1 5
split_gain=68453.3 10267 1754.19 2627.86 79.7911 15.6681 32.583 12.7622 18.0473 9.75724 12.0756 7.14741 6.65802 10.1475 11.9005 8.9299 8.07701 5.8227 3.61927 3.21642 2.88601 2.40862 6.54111 2.1237 4.50011 2.03014 1.48493 1.37799 1.19173 1.08013
threshold=25.500000000000004 1.0000000180025095e-35 2.5000000000000004 9.5000000000000018 9.5000000000000018 0.059761290626149599 0.032936936373426755 29.500000000000004 195.50000000000003 1022.5000000000001 367.50000000000006 1.0000000180025095e-35 19.500000000000004 0.024414225373285272 0.037710031343846068 0.005195340165020954 0.0037043830330697543 142.50000000000003 782.50000000000011 1847.5000000000002 0.0099696781636820879 1088.5000000000002 0.029516167419587718 56.500000000000007 480.50000000000006 0.0050865534074453506 0.012390029174195854 3.5000000000000004 164.50000000000003 198.50000000000003
decision_type=2 2 2 2 2 2 2 2 2 2 2 2 2 2 2 2 2 2 2 2 2 2 2 2 2 2 2 2 2 2
left_child=2 -2 -1 11 5 6 9 8 -5 10 17 -4 13 14 15 -6 -17 -3 -12 26 -20 -21 -23 24 -9 -18 -11 28 -25 -30
right_child=1 4 3 7 12 -7 -8 23 -10 19 18 -13 -14 -15 -16 16 25 -19 20 21 -22 22 -24 27 -26 -27 -28 -29 29 -31
leaf_value=-0.055165868323804816 -0.055164536056042837 -0.013954708204034006 -0.055164536056042837 -0.014408294180539011 0.11488125497309326 0.1059119913927094 -0.060831373966362984 0.047488523818712144 0.1054159464105527 -0.015002077388181621 0.13475712059990338 0.0032827938205636214 0.10574514012691438 0.1103082733810053 0.11110862210064439 0.078907839939666394 0.028665398625535077 0.070448412802421173 0.11299746042115869 0.07390805656797983 0.055245440349604803 0.071476420819263142 -0.02383513164090658 0.076213549609076184 0.10452201344287304 -0.013168232053165488 0.027859054990345595 0.10502879942292279 0.10717387130001317 0.091528363060696671
leaf_weight=22185.277507998049 1088.4446122869849 4.1887023150920886 650.58897968381643 5.6216470152139646 4.2408184409141567 9.6083293557167035 7.3730994239449492 5.2480545192956916 7.1253944635391235 4.6567290276289004 5.5998282432556143 5.2730913907289496 11612.355351448059 31.585107013583183 12.074406504631041 6.5161519348621395 6.3044047206640226 3.9896354451775551 4.1896633654832822 4.345511853694914 4.4725236743688583 3.8407559171319008 3.3880526348948479 6.4783892035484305 10.14347794651985 5.3707231432199478 3.5699733197689056 374.23089396953583 21.585660368204117 22.562019854784012
leaf_count=261406 12827 31 7667 30 20 39 65 22 30 27 25 39 46594 128 49 29 30 19 17 23 25 21 21 27 41 28 20 1505 88 92
internal_value=-0.00102243 0.091739 -0.0520983 0.00927503 0.105362 0.0474714 0.0361538 0.101892 0.0525716 0.0530823 0.0756555 -0.0546946 0.105655 0.0898303 0.0710861 0.0495434 0.0343115 0.0272196 0.10343 0.0275002 0.0831785 0.0444896 0.0268051 0.10332 0.0850753 0.00942134 0.00359749 0.103981 0.0962394 0.0991781
internal_weight=36120.2 12826.1 23294.1 1108.86 11737.7 59.2228 49.6145 452.996 12.747 42.2414 22.4404 655.862 11678.4 66.0916 34.5065 22.4321 18.1913 8.17834 14.262 19.801 8.66219 11.5743 7.22881 440.248 15.3915 11.6751 8.2267 424.857 50.6261 44.1477
internal_count=330985 60038 270947 9541 47211 333 294 1835 60 229 117 7706 46878 284 156 107 87 50 67 112 42 65 42 1775 63 58 47 1712 207 180
is_linear=0
shrinkage=0.05


end of trees

feature_importances:
device_unique_card_count=62
addr_unique_card_count=54
email_unique_card_count=52
device_connected_fraud_rate=46
addr_connected_fraud_rate=45
rapid_card_convergence=33
cross_entity_convergence=8

parameters:
[boosting: gbdt]
[objective: binary]
[metric: average_precision]
[tree_learner: serial]
[device_type: cpu]
[data_sample_strategy: bagging]
[data: ]
[valid: ]
[num_iterations: 1000]
[learning_rate: 0.05]
[num_leaves: 31]
[num_threads: -1]
[seed: 42]
[deterministic: 0]
[force_col_wise: 0]
[force_row_wise: 0]
[histogram_pool_size: -1]
[max_depth: -1]
[min_data_in_leaf: 20]
[min_sum_hessian_in_leaf: 0.001]
[bagging_fraction: 0.8]
[pos_bagging_fraction: 1]
[neg_bagging_fraction: 1]
[bagging_freq: 1]
[bagging_seed: 400]
[bagging_by_query: 0]
[feature_fraction: 0.8]
[feature_fraction_bynode: 1]
[feature_fraction_seed: 30056]
[extra_trees: 0]
[extra_seed: 12879]
[early_stopping_round: 0]
[early_stopping_min_delta: 0]
[first_metric_only: 0]
[max_delta_step: 0]
[lambda_l1: 0]
[lambda_l2: 0]
[linear_lambda: 0]
[min_gain_to_split: 0]
[drop_rate: 0.1]
[max_drop: 50]
[skip_drop: 0.5]
[xgboost_dart_mode: 0]
[uniform_drop: 0]
[drop_seed: 17869]
[top_rate: 0.2]
[other_rate: 0.1]
[min_data_per_group: 100]
[max_cat_threshold: 32]
[cat_l2: 10]
[cat_smooth: 10]
[max_cat_to_onehot: 4]
[top_k: 20]
[monotone_constraints: ]
[monotone_constraints_method: basic]
[monotone_penalty: 0]
[feature_contri: ]
[forcedsplits_filename: ]
[refit_decay_rate: 0.9]
[cegb_tradeoff: 1]
[cegb_penalty_split: 0]
[cegb_penalty_feature_lazy: ]
[cegb_penalty_feature_coupled: ]
[path_smooth: 0]
[interaction_constraints: ]
[verbosity: -1]
[saved_feature_importance_type: 0]
[use_quantized_grad: 0]
[num_grad_quant_bins: 4]
[quant_train_renew_leaf: 0]
[stochastic_rounding: 1]
[linear_tree: 0]
[max_bin: 255]
[max_bin_by_feature: ]
[min_data_in_bin: 3]
[bin_construct_sample_cnt: 200000]
[data_random_seed: 175]
[is_enable_sparse: 1]
[enable_bundle: 1]
[use_missing: 1]
[zero_as_missing: 0]
[feature_pre_filter: 1]
[pre_partition: 0]
[two_round: 0]
[header: 0]
[label_column: ]
[weight_column: ]
[group_column: ]
[ignore_column: ]
[categorical_feature: ]
[forcedbins_filename: ]
[precise_float_parser: 0]
[parser_config_file: ]
[objective_seed: 16083]
[num_class: 1]
[is_unbalance: 0]
[scale_pos_weight: 1]
[sigmoid: 1]
[boost_from_average: 1]
[reg_sqrt: 0]
[alpha: 0.9]
[fair_c: 1]
[poisson_max_delta_step: 0.7]
[tweedie_variance_power: 1.5]
[lambdarank_truncation_level: 30]
[lambdarank_norm: 1]
[label_gain: ]
[lambdarank_position_bias_regularization: 0]
[eval_at: ]
[multi_error_top_k: 1]
[auc_mu_weights: ]
[num_machines: 1]
[local_listen_port: 12400]
[time_out: 120]
[machine_list_filename: ]
[machines: ]
[gpu_platform_id: -1]
[gpu_device_id: -1]
[gpu_device_id_list: ]
[gpu_use_dp: 0]
[num_gpu: 1]

end of parameters

pandas_categorical:[]
